0 0.900073766708374 0.951047420501709 0.8634169697761536
1 0.9737861752510071 0.9805203676223755 0.9240538477897644
2 0.9786633849143982 0.989920973777771 0.985135555267334
3 0.8541780710220337 0.9486361742019653 0.9303480386734009
4 0.9621753692626953 0.9871170520782471 0.9822403788566589
5 0.8223176002502441 0.8228228092193604 0.8620548248291016
6 0.9467124938964844 0.9742544293403625 0.9536545872688293
7 0.9379150867462158 0.9627289175987244 0.94432133436203
8 0.929387629032135 0.9629086852073669 0.9566430449485779
9 0.8681118488311768 0.9577319025993347 0.9456900358200073
10 0.8852325677871704 0.9074504971504211 0.9168270230293274
11 0.9432844519615173 0.9493579864501953 0.9491224884986877
12 0.8891105055809021 0.9730154275894165 0.9509164690971375
13 0.9371599555015564 0.9558988213539124 0.9511978030204773
14 0.7130434513092041 0.6925837397575378 0.9278460144996643
15 0.923545777797699 0.9803284406661987 0.9018704891204834
16 0.8520346283912659 0.8670718669891357 0.9058598875999451
17 0.775414764881134 0.8923200368881226 0.9377749562263489
18 0.7797235250473022 0.613725483417511 0.9527942538261414
19 0.7841806411743164 0.868159294128418 0.8850125074386597
20 0.897507905960083 0.9733276963233948 0.9596884846687317
21 0.9376037120819092 0.9793888926506042 0.9369140863418579
22 0.9130299687385559 0.9764008522033691 0.956063449382782
23 0.8225098848342896 0.9822685718536377 0.9728378057479858
24 0.7772632241249084 0.8691845536231995 0.9328392148017883
25 0.9152418971061707 0.9165592789649963 0.9140036702156067
26 0.863065779209137 0.8900393843650818 0.7576316595077515
27 0.8318063616752625 0.897146463394165 0.840634286403656
28 0.9291883111000061 0.9721928834915161 0.8328075408935547
29 0.9313740134239197 0.9591068029403687 0.9464934468269348
30 0.9017272591590881 0.9744421243667603 0.9534717798233032
31 0.9531552195549011 0.9741277694702148 0.9370482563972473
32 0.956392765045166 0.9782582521438599 0.9647923707962036
33 0.9437313675880432 0.9794801473617554 0.9612537026405334
34 0.8752511739730835 0.9266207814216614 0.8885303735733032
35 0.9438164830207825 0.9708690643310547 0.9753063321113586
36 0.9448592662811279 0.9781937003135681 0.9499548077583313
37 0.9069003462791443 0.9438729882240295 0.9032883644104004
38 0.9167456030845642 0.9141112565994263 0.9261289238929749
39 0.9348803758621216 0.9530736207962036 0.9213259220123291
40 0.9078142046928406 0.9411255121231079 0.9434166550636292
41 0.624430239200592 0.5607154965400696 0.8960943818092346
42 0.9544167518615723 0.9762270450592041 0.9554374814033508
43 0.9357271790504456 0.9751269817352295 0.9510762691497803
44 0.9582871198654175 0.9731774926185608 0.938946008682251
45 0.9521812796592712 0.9779819250106812 0.96945720911026
46 0.9225322008132935 0.966316819190979 0.9394184947013855
47 0.9533867239952087 0.9745715260505676 0.9340460300445557
48 0.9212576746940613 0.8752084374427795 0.8543597459793091
49 0.9427201747894287 0.9790071249008179 0.9488312005996704
